https://www.hackerrank.com/contests/hourrank-15/challenges/an-interesting-game-1



int indice_max = Array.IndexOf(arr, arr.Max());
            List<int> increasing = new List<int>();
            int[] sort = new int[arr.Length];
            Array.Copy(arr, sort, arr.Length);
            Array.Sort(sort);
            int max_index = Array.IndexOf(arr, sort[sort.Length - 1]);
            increasing.Add(arr[max_index]);

            for (int i = sort.Length - 1; i >= 0; i--)
            {
                if (Array.IndexOf(arr, sort[i]) < max_index)
                {
                    increasing.Add(sort[i]);
                    max_index = Array.IndexOf(arr, sort[i]);
                }
            }

            //foreach (int elem in increasing)
            //{
            //    Console.Write(elem + " ");
            //}
            if (increasing.Count % 2 == 0)
            {
                Console.WriteLine("ANDY");
            }
            else
            {
                Console.WriteLine("BOB");
            }


--------------------------------
using System;
using System.Collections.Generic;
using System.Linq;
using System.Text;

namespace ConsoleApplication2
{
    class Program
    {
        static void Main(string[] args)
        {
            //int[] arr = Array.ConvertAll("5 2 6 3 4".Split(' '), e => int.Parse(e));
            //int[] arr = Array.ConvertAll("3 1".Split(' '), e => int.Parse(e));
            //int[] arr = Array.ConvertAll("388533 392771 405548 428488 443393 446671 576502 1140127 1192190 1300237 1395527 1446478 1636887 1656878 1933658 2035276 2096729 2284495 2376659 2405683 2555529 2567730 2617194 3491310 3531496 3945327 4282872 4329275 4634761 4839992 4849970 4998285 5015579 5170660 5302181 5606210 5796303 5864636 5991519 6232131 6236446 6428321 6437520 6479720 6535621 6624143 6629113 6641951 6731835 6808003 6856241 7391839 7406346 7508354 7684509 7832669 7837554 8021494 8110020 8249938 8279040 8612239 8697966 8908482 8915568 8938204 9157470 9222515 9286434 9310510 9380848 9526680 9734048 9839094 9915394 9942025 10018877 10096140 10138297 10438061 10493548 10573021 11039969 11061613 11503297 11583656 11660682 11899877 11915096 11919337 11938229 12006225 12030314 12290695 12332109 12396611 12427580 12616815 12643756 12813522 12835312 13081001 13099506 13127448 13290548 13331429 13350440 13392899 13435385 13570007 13625855 13749791 13751638 13862967 13907837 13968035 14030159 14223010 14262972 14284097 14353796 14504007 14824790 14920822 14946614 15105211 15121819 15127464 15214644 15317318 15398330 15451811 15513643 15704172 15767564 15822650 15900785 16289106 16307593 16333574 16448367 16460908 16573970 16600630 16618272 16709596 16731007 16734049 17084573 17272320 17441676 17481143 17520790 17573666 17707065 17745748 17813092 18201457 18299490 18389000 18476609 18954225 19002829 19101605 19197355 19348266 19454511 19457066 19573921 19711602 19816884 19866043 19995499 20048741 20149191 20161738 20351381 20458143 20520983 20671481 20862187 20862629 21133572 21139432 21234112 21236915 21542020 21586027 21608534 21616999 21658951 21707862 21934125 22028777 22092419 22335233 22338364 22484866 22656363 22661632 22741368 22799526 22817717 22853933 23061409 23795158 23984363 24074137 24078602 24175813 24301803 24418439 24459167 24572545 24738591 24756054 24918391 25037995 25512500 25559834 25754562 25842276 25878433 26030286 26173297 26203862 26420840 26433908 26451588 26603303 26617310 26630646 26937011 27124754 27149930 27201101 27246131 27368274 27624624 27632796 27669709 27699441 27725306 27730522 27793878 28151426 28277439 28282598 28330208 28583684 28930973 28979476 29002851 29008660 29046838 29050521 29061618 29185496 29269064 29346881 29471519 29539869 29831224 29897405 29897801 29903143 30024452 30141749 30185774 30200340 30225587 30231104 30463736 30513300 30979026 31144858 31216174 31258113 31397940 31524011 31672743 31752722 31829825 32227201 32456840 32483506 32753095 33111529 33133502 33144632 33159881 33203431 33357131 33525429 33533579 33540353 33756446 33789809 33974435 34165652 34332134 34522615 34849933 34855952 35008855 35076854 35433513 35462334 35910055 36111313 36542620 36588897 36750144 36804263 36822846 36929414 37079978 37111579 37224193 37626939 37951129 38027435 38331393 38332513 38476647 38532627 38559897 38801397 39044824 39283222 39285382 39925379 40062187 40071318 40177071 40249978 40335424 40375670 40489809 40603772 40626347 40856076 40863324 40880883 41002718 41070982 41092461 41385459 41567575 41667166 41780125 41837202 41885899 42071253 42213931 42247473 42280915 42486467 42704245 42749534 42908271 42945824 43124101 43213888 43218110 43242263 43248837 43267564 43459159 43497678 43520056 43773887 43815279 44101478 44185912 44279584 44403469 44516681 44525902 44797667 45012405 45077785 45218628 45320248 45425608 45663667 45729555 45732471 45749213 45860211 45895363 46138179 46194015 46328381 46388840 46655891 46688632 46876213 46955069 47172047 47188535 47263310 47362999 47454038 47666028 47875688 48327294 48520710 48559622 48663750 48702772 48784582 48879836 48892792 48904209 49050393 49120755 49137316 49264438 49379700 49623536 49815052 49945981 50033671 50352621 50440180 50664629 50785710 50983802 51020792 51103785 51154380 51185368 51288501 51317076 51474428 51505850 51545513 51890110 51982189 52249533 52313333 52362397 52388458 52487836 52772856 53011348 53057905 53225219 53367155 53535945 53559174 53647648 53793555 53798775 53870021 53875968 54226685 54243558 54387450 54604911 54819494 54907738 54920970 54927505 54963598 55187041 55316879 55388236 55461076 55606236 55618971 56014083 56024196 56072473 56160860 56351778 56401104 56605503 56678831 56865446 57021628 57073038 57166467 57177402 57261135 57347662 57483945 57499862 57684906 57726804 57781860 57900101 58080649 58178105 58193824 58219351 58330429 58347647 58564376 58575798 58981319 58986265 59042041 59070523 59133011 59297495 59436624 59642321 59805976 59889096 59930318 59977796 59997492 60282324 60495030 60513918 60581947 60703649 60854419 60907202 60979637 60985182 61040645 61409547 61417286 61463165 61584215 61828836 61939340 61978029 62044878 62553148 62553909 62756013 63082490 63138013 63208850 63302396 63700738 63792195 63819119 63822233 63870955 63949567 64090411 64474310 64497768 64567688 64726062 65001425 65044317 65048214 65102517 65169908 65312731 65526059 65606916 65619319 65626891 65726368 65768002 66053399 66247776 66278683 66622634 66836566 66955820 67017482 67045854 67133892 67245125 67326304 67743037 67830458 68169968 68520184 68570556 68797272 68823629 68851621 68895064 68998145 69106720 69182703 69226238 69246088 69319938 69344974 69645983 69685131 69753015 69886773 69923117 70100840 70118793 70227552 70265071 70669769 70674859 70816838 70858103 70998113 71177291 71198879 71232577 71293209 71464711 71475804 71577398 71715640 71800419 71816909 72117889 72119094 72144123 72163355 72360492 72386880 72442509 72686030 72704035 72766314 72772467 73023591 73313924 73681678 73735379 74032220 74121042 74142356 74225496 74405610 74517406 74566148 74714514 74741626 74741636 74815143 74842158 74869151 74969849 75055509 75480808 75502598 75530762 75694285 75713190 75720620 75755363 75805340 75850738 75887937 76092857 76193134 76198552 76233823 76291213 76452873 76523343 76573059 76751831 76787815 76857935 77072599 77207292 77317841 77385233 77517420 77567015 77593783 77742388 77807065 77930239 77977922 78001968 78140340 78258506 78399092 78483699 78490043 78591066 78700862 78713546 78741833 78912468 78954349 79053407 79186081 79187713 79259108 79410960 79721773 79737088 79751768 79801063 79831256 79919671 79951101 79952760 79991464 80210003 80259238 80307337 80308598 80468345 80480311 80487480 80546667 80624311 80662149 80671752 80709580 80887762 80916999 81105790 81408825 81665991 81702313 81821353 81986514 82123442 82178463 82337778 82832419 82884111 82894493 82923795 82954419 82973713 83164142 83303310 83403735 83607637 83646686 83856764 83921607 83939813 83981717 84011223 84169743 84179128 84498350 84753974 85011300 85079392 85081200 85298565 85332806 85337247 85447206 85449650 85473358 85548853 85586246 85648556 85871982 85912179 86062391 86189367 86230252 86272376 86273829 86278727 86489721 86506223 86532569 86655085 87274684 87311528 87324275 87400200 87463853 87497770 87500821 87526476 87702904 87870599 87949379 88014591 88019841 88350795 88351444 88425492 88564597 88766607 88767893 88844811 88966144 89093047 89162243 89188397 89275235 89348124 89387193 89664926 89675098 89722688 89774541 89794776 89828700 89844725 90094292 90215348 90229750 90316081 90352785 90479234 90864291 91093264 91321814 91407712 91410494 91712459 91902162 91913060 92001162 92035318 92074831 92203622 92209774 92221610 92238279 92259086 92406124 92434802 92621352 92655600 92731994 92799055 92828301 93170428 93170762 93198622 93282637 93322355 93379397 93407316 93579972 93599509 93687664 93921606 93924921 94170752 94249021 94284364 94750566 94762190 94770306 94872626 94972884 95092944 95169353 95316353 95326745 95395303 95677592 95753936 96013705 96171228 96206806 96273355 96374750 96555078 96656900 96798297 96856876 96930425 96992657 97060203 97184195 97218658 97660204 98058028 98220393 98283684 98373845 98385998 98739582 99021446 99171420 99214602 99324582 99325123 99452374 99554351 99562789 99680682 99684052 100085925 100285033 100338329 100383363 100539290 100541359 100607760 100706665 100737343 100812118 100889226 100992705 101003951 101048874 101193082 101353976 101489318 101513104 101515319 101520998 101611747 101743279 101773661 101882707 101883610 101910165 102064155 102075431 102110039 102524853 102752996 102762770 102888538 102906387 103093662 103256993 103264337 103389194 103681975 103864656 103949451 104127935 104204069 104350044 104545592 104755009 104782610 104960264 105014951 105024338 105116947 105457167 105608351 105618099 105679839 105841800 105878839 105895654 105944165 106188329 106217775 106516490 106593052 106671008 106880864 106912033 107074138 107085633 107415344 107437633 107467661 107522252 107631591 107796577 107943852 108461074 108467343 108485518 108545136 108631235 108789991 108913957 108995228 109000472 109182902 109354517 109394684 109489992 109527816 109652777 109685226 109706913 109768194 109852924 109911687 110074202 110220814 110363069 110617249 110635830 110674713 110678242 110815363 111054477 111176828 111188055 111338917 111436598 111461214 111801755 111820220 111996189 112016403 112085635 112644762 113064130 113067885 113077508 113253903 113284767 113299094 113676643 113702492 113828555 113963145 113983548 114094094 114109736 114174044 114330530 114586430 114617846 114657433 114799551 114817327 114867989 114970801 115080513 115172935 115355032 115417413 115443903 115531631 115562239 115792424 115902303 115914462 115948641 116003489 116024556 116053145 116120338 116208404 116348646 116402425 116617843 116693899 116856092 116897815 116920378 117084625 117167370 117206506 117521855 117531079 117588310 117633085 117872423 117877801 118034997 118233845 118373279 118398266 118417299 118600259 118665973 118716407 118974116 118975991 119046433 119063691 119222831 119324547 119376909 119415166 119842143 119869697 120169293 120182326 120230776 120237463 120286570 120450973 120577387 120666429 121022229 121044068 121082892 121116212 121524046 121528534 121544661 121590676 121622774 121846908 122043695 122097776 122100764 122290701 122314640 122452727 122479313 122531979 122695170 122810767 123033194 123122945 123345203 123347572 123411359 123448121 123465192 123468289 123486534 123550578 123589572 123620928 123930953 124375962 124564744 124913895 124923798 125011834 125095981 125161651 125217074 125573778 125654756 125664421 125671946 125687610 125842188 125965264 125990232 126155137 126211293 126219192 126295709 126558169 126643534 126715552 126791089 126830838 126992715 127250955 127252855 127337949 127361380 127367025 127590488 127667836 127798939 127813927 127876647 127921692 128108199 128264039 128372774 128628283 128637221 128677821 128694516 128725819 128876893 128893466 128935029 128945259 128968629 129000245 129075728 129098004 129183816 129218548 129229498 129311266 129380579 129413045 129607881 129738341 129769988 129827501 130012795 130083986 130121062 130148576 130360817 130490103 130548701 130625581 130758260 130814362 130841262 130842161 130854443 130919532 130986237 131238730 131323977 131447351 131566809 131596781 131734943 131743553 132181728 132292232 132331639 132581282 132588193 132610321 132622062 132673113 132694196 132920691 133020684 133021377 133021579 133116048 133245063 133369656 133585765 133852358 134050351 134208655 134284033 134439404 134607173 134627451 134770171 134887935 134896377 134917369 135151161 135260747 135356157 135446393 135566611 135644458 135681004 135701799 136107066 136203219 136307282 136364833 136411847 136536943 136583378 136798518 136846747 136911386 137186714 137247627 137320261 137331690 137371622 137733945 137739556 137753164 137783352 137918867 138077696 138198456 138396477 138422410 138475191 138482541 138487564 138665912 138762076 138827020 139345221 139357210 139416411 139513839 139621815 139648107 139688940 139806364 139808594 139947116 140015851 140032947 140041135 140112760 140140032 140144115 140240667 140305143 140579432 140595200 140657030 140692060 140704184 140761493 140814384 141005902 141015706 141131056 141264894 141271478 141329390 141507591 141549200 141578909 141704421 141903236 141918292 141981924 142053446 142068699 142213952 142241431 142292525 142334397 142464257 142716517 143042834 143277674 143288917 143323971 143341095 143358915 143394572 143675797 143862538 144572407 144649909 144660171 144678913 144798565 144897500 145006710 145037854 145349028 145426346 145457153 145619359 145780590 145790810 145974318 146075978 146077624 146133173 146255053 146269962 146408879 146830790 146964755 147113870 147419620 148407676 148412450 148498326 148520499 148579509 148603156 148691672 148874111 148963530 149010217 149393749 149405935 149493954 149515289 149561461 149610408 149719006 149980295 150033098 150104613 150237826 150423743 150537463 150541366 150766095 150775900 150893780 150930721 150970459 150987664 151166267 151172346 151359850 151564365 151634601 151699582 151746000 152481902 152498282 152544455 152683633 152709243 152769934 152860139 152870622 152915147 152920957 152953497 153090996 153475125 153685292 153985933 154130627 154293888 154389660 154504680 154618685 154647111 154663972 155037854 155128065 155171218 155239983 155325979 155364778 155394351 155398458 155524520 155544414 155608314 155727651 155916835 156137213 156147300 156173643 156286442 156380716 156844349 156939602 157090808 157408940 157418292 157533434 157540064 157566617 157567109 157754963 157808253 157809080 157824345 157865737 157963345 158090585 158122016 158346624 158391748 158413469 158508933 158538104 158540692 158790472 159069850 159097821 159192318 159615020 159712635 159801703 159991745 160012647 160060883 160181322 160204856 160402011 160450919 160481162 160554940 160699528 160846608 160879170 161152824 161328562 161340040 161516351 161558216 161609245 161611609 161716358 161762791 161776655 161805580 162229921 162512725 162517407 162792536 162953181 163072511 163096228 163112111 163139644 163240164 163276290 163345303 163411358 163468908 163653874 163728852 163814814 163874092 164282138 164452939 164459661 164459976 164691502 164725004 164737133 164750531 164764844 164885651 165117097 165542377 165649448 165695913 165747016 165764135 165887440 165911724 165979127 166029354 166043703 166061465 166192650 166200477 166245958 166470650 166530848 166559722 166662373 166876933 166916383 166981732 167015083 167070019 167172537 167657537 167686295 167693092 167748226 167755872 167919790 168058399 168249535 168250723 168330994 168338124 168407593 168433693 168593994 168604225 168639616 168675227 168901095 169009342 169050430 169070016 169082432 169102504 169118377 169133613 169318210 169520844 169538222 169599036 169641248 169811180 169833852 169987307 170116983 170286632 170360332 170395455 170447535 170623846 170659336 170682520 170861042 170878738 170922265 171119388 171221143 171229225 171256221 171355374 171536489 171767807 171825023 171835109 171941909 172143391 172281511 172509697 172580266 172603746 172663473 172875432 172897424 172987878 173004964 173168371 173196374 173200256 173200999 173267817 173503339 173535082 173642147 173656234 173661506 173707144 173920191 173936763 174236493 174280823 174485642 174532413 174566130 174838759 174943967 175054171 175065172 175249992 175559396 175721697 175906048 176475773 176658893 176677804 176685083 176709990 177030083 177230102 177519992 177852807 177928550 178175813 178184431 178372440 178530449 178546863 178654796 179092068 179344562 179486587 179518020 179770030 179792389 179916565 180148713 180457569 180478528 180980727 181076989 181142227 181150272 181235955 181251770 181409224 181821590 181860457 181955512 182070650 182176971 182320495 182427137 182460181 182535039 182586406 182642964 182842671 183028792 183029766 183043304 183255811 183343205 183468361 183729993 183931170 183959626 184002481 184020270 184045409 184103942 184250084 184319439 184321174 184427671 184521895 184784946 184846965 184884637 184932193 185008534 185086745 185128956 185141517 185380684 185390793 185532153 185906559 185921450 185999739 186000826 186007745 186202813 186203118 186288315 186302404 186360561 186390490 186442497 186669774 186678371 186833788 186870448 186916473 186928830 186964912 187012313 187076114 187125549 187339746 187422828 187470442 187589558 187672439 187683281 187755970 187773674 188428128 188491797 188493197 188536480 188673068 188747449 188839303 188936450 188953149 189074057 189110300 189311102 189612096 189627539 189676174 189949285 190473887 190702842 190722551 190793466 191150933 191173682 191285373 191487386 191562754 191583387 191618517 191619701 191763044 191815267 191845664 192045138 192205387 192220256 192294290 192343942 192353649 192522559 192636138 192775354 192794775 192796793 192909466 192920652 193082839 193161412 193320479 193485296 193492641 193670523 193715338 193929158 193997906 194060969 194224703 194305288 194357857 194428538 194500806 194528220 194599246 194623100 194883586 195537982 195573696 195628772 195635188 195717531 195732871 195771536 195866799 195910192 195911979 196021515 196075640 196131162 196346063 196365071 196638425 196916931 196956423 196963285 197022943 197271990 197581937 197624863 197684530 197750506 198041933 198127188 198130967 198160966 198163072 198240866 198243048 198741024 198842293 198915037 199027821 199104989 199133461 199174558 199196362 199196452 199198184 199202488 199864961 200126021 200238820 200314976 200320105 200726814 200782811 200849014 200955843 200956254 200961193 200968065 200996162 201058488 201116627 201399571 201793339 201797376 201926176 202187854 202329979 202802903 202829409 203038690 203072981 203131350 203344933 203491009 203555914 203764070 203814029 203898132 203909635 204147877 204515244 204554518 204674037 204686571 204957929 205142789 205163034 205170626 205279118 205379287 205649585 205822919 205938230 206069429 206137464 206170699 206450359 206530191 206559366 206583122 206598432 206801269 206844378 206861385 206900132 206909012 206982555 207215470 207282894 207374351 207466179 207473170 207569272 207792328 207799007 207998961 208125152 208267150 208501522 208556334 208586573 208606220 208719256 208864518 208870554 208969085 209028579 209152717 209262822 209510246 209615245 209658138 209721243 209735691 209798399 209861887 210025459 210071009 210309035 210317574 210527669 210529374 210608132 210723855 210920806 211099615 211202152 211330826 211334220 211350894 211406101 211407879 211499577 211719186 212039321 212113517 212276186 212282734 212553842 212555161 212570803 212632253 212720136 212726861 212893654 212971923 212984356 213019546 213096505 213148647 213368918 213807524 213826943 213905757 214038614 214075494 214112302 214141083 214427767 214484366 214542329 214571437 214700822 214851409 214921883 215136927 215144327 215144803 215277852 215433359 215523438 215543358 215584084 215681139 215755911 215863528 216677047 216710807 216899014 216969043 217082444 217134038 217157648 217311291 217729323 217782274 217863466 217990599 218266201 218376986 218579550 218626354 218680847 218794285 218807113 218829582 218936358 218986324 219024606 219029473 219113345 219147219 219180706 219243490 219284448 219528988 219559105 219831157 219886837 220078111 220155931 220214333 220288377 220743096 220813787 220825077 220937888 221089723 221230245 221381717 221703463 221839966 221948573 221997696 222268320 222415908 222485976 222545789 222641346 222766310 222973283 223018231 223044141 223048664 223056282 223062468 223108001 223284432 223558685 223615783 223700649 223926433 224077111 224149653 224458653 224521269 224596307 224682920 224862612 224871700 224981112 225057577 225133389 225222580 225224986 225427476 225585978 226275322 226324271 226461589 226523816 226665684 226741381 226776844 226927164 226991187 227016880 227064970 227194261 227215360 227338299 227500288 227629531 227658234 227689420 227844469 228039827 228188451 228287914 228797271 228911324 228934277 228939622 229720129 230033969 230054792 230055762 230125818 230177798 230204425 230226901 230262528 230274726 230299929 230431074 230653088 230685087 230718740 230907475 230953346 230966911 231036884 231342379 231494332 231529413 231603389 231787036 231826638 231896827 232135398 232955730 233002761 233021575 233098093 233318443 233685863 233706037 233800829 233837599 233966950 234083725 234363718 234468885 234526727 234797699 234871421 234873517 234955716 235025982 235130382 235130725 235143542 235216618 235261161 235483076 235940861 235970252 236104096 236241318 236246870 236474998 236689501 236689641 236695273 236704069 236808576 237038931 237207677 237364967 237498915 237703801 237750257 237820928 237936196 237946739 238002931 238149024 238252721 238266937 238347249 238431167 238560260 238604633 238674980 238681395 238753736 239101142 239517527 239583506 239691305 239766555 239769745 239903447 240272144 240313141 240683527 241011758 241018354 241125098 241141153 241209222 241284951 241442455 241555750 241567158 241742069 241823524 241931591 242042114 242050748 242167131 242207555 242398645 242478503 242838456 242962339 242980360 243061718 243150928 243263101 243265040 243363836 243503837 243541414 243662364 243716979 243790968 243877112 243877534 243966068 244085098 244200665 244277510 244312034 244314463 244617282 244657064 244742273 244864630 245022654 245301138 245385570 245994559 246141658 246180030 246321559 246435272 246551768 246560012 246602824 246686897 246768379 246785650 247156897 247189288 247333369 247451164 247453384 247601378 247969785 247979037 248002146 248169200 248191547 248243548 248355156 248525892 248768987 248832019 248875583 248894684 249229620 249390208 249403568 249552555 249594402 249628508 249929819 250172611 250281874 250464188 250647541 250656508 250714211 250766422 250952815 251224356 251299171 251357512 252159704 252291489 252328357 252387925 252477833 252492911 252936273 252973671 253145155 253164769 253172287 253212027 253354664 253367963 253368068 253387408 253526098 253531017 253548516 253560731 253579761 254132773 254211667 254506929 254606674 254716022 254744239 255018061 255436076 255518636 255571868 255686740 255905115 256225689 256364022 256474830 256486759 256538213 256561519 256724297 256782640 256829090 256942796 257114625 257220781 257315438 257417972 257457004 257572198 257573784 257961926 258142302 258319115 258417897 258443849 258618635 258631862 258707592 258714774 258865341 259074680 259116380 259184414 259242819 259364919 259559239 259613241 259703809 259808171 260364140 260386341 260419337 260591757 260875244 261205152 261393693 261543647 261748991 261763789 261852922 262317270 262370329 262771513 262880488 263044195 263200244 263247428 263296657 263584478 263748464 263973787 264000071 264028609 264050296 264143950 264236742 264261645 264366771 264597619 264619155 264685932 264687477 264795133 264909066 264955786 265130159 265270849 265407955 265510052 265546757 265700209 265770303 265888283 266040063 266255020 266302052 266305022 266305797 266421716 266566763 266571194 266646595 266941279 267083334 267137801 267210580 267225674 267229229 267236424 267250582 267340420 267359488 267436169 267473983 267504260 267551872 267580206 267764702 267897053 267902281 267904173 267917920 267939910 267952137 268054320 268242430 268360858 268365298 268409346 268480709 268486733 268750946 268893990 268942347 269148279 269331962 269514765 269606403 269842292 269881078 270149285 270287147 270320655 270453586 270481067 270583716 270672240 270704748 270847242 271128417 271145972 271244615 271440009 271930668 272279505 272352387 272441132 272466906 272477301 272613962 272692291 272740213 272817783 273078805 273269955 273311133 273594794 273627871 273924556 274052190 274259112 274364756 274564627 274609463 274611086 274613511 274665857 274763908 274811540 274837826 274866871 275067789 275093421 275600885 275653188 275694093 275736042 275763804 275815674 275909457 275973845 276023961 276065858 276444324 276757912 276795615 276830148 277010682 277080581 277103230 277137247 277137930 277199415 277207946 277268117 277303554 277534558 277661063 277733005 277785324 278007000 278070346 278239438 278390063 278560227 278657203 278785656 278902122 279009907 279058881 279065353 279136016 279152865 279427990 279472965 279599805 279637257 279883684 279897930 279902025 280065002 280137033 280248147 280376119 280380737 280544650 280615943 280656407 280687670 280767019 280866390 280904543 280934383 281018338 281025682 281042887 281086643 281167983 281186659 281192684 281212032 281294240 281429693 281468473 281566418 281682999 281716379 281799513 281827480 281991156 282145999 282300960 282349812 282477480 282658602 282693832 282902276 282918520 282998693 283267662 283295825 283407214 283689807 283746729 283892846 284006481 284038374 284165248 284378868 284522145 284528026 284630136 284732094 284968347 284989258 285311932 285945090 286042358 286083852 286173211 286217944 286406051 286491718 286646147 286661887 286859000 286905980 286973714 287036694 287301529 287585393 287692412 288059883 288136376 288199179 288462129 288575807 288708076 288861999 288958486 289101157 289142609 289206586 289433832 289721359 289747826 289812318 290004649 290043384 290085985 290173331 290207628 290524311 290575044 290718046 290868022 290907876 290913738 290994627 291171504 291197901 291592855 291598559 291685651 291692461 291755806 291778561 291820561 291969070 292022735 292332472 292555107 292671468 292713374 292778485 292830412 293080107 293101695 293149228 293215204 293401832 293628909 293661619 293719586 293724144 294284135 294297995 294441713 294623350 294646647 295085018 295239861 295727546 295750521 295918818 295988929 296072404 296093430 296106361 296466441 296840766 297026135 297103973 297118120 297383561 297705909 297748224 297842179 297967291 298097330 298222485 298232375 298413770 298422709 298473156 298476086 298492597 298492818 298550410 298652389 298688611 299171409 299209059 299212381 299299107 299330732 299344769 299519407 299559561 299588921 299672723 299755624 299992825 300013730 300016206 300027616 300231638 300233202 300267538 300336757 300483870 300640372 300677072 300690752 300721410 300822117 301014263 301098725 301127408 301386307 301449205 301529985 301731696 301951937 302355399 302355657 302527389 302568409 302700569 302971610 302993635 303021371 303045271 303076397 303131627 303170926 303224114 303269387 303322336 303326972 303364294 303385160 303543761 303554633 303576055 304260669 304271564 304285873 304298763 304374832 304489944 304630783 304688447 304942139 305024545 305030206 305040638 305043945 305176760 305189923 305350674 305418821 305662430 305720666 305734969 305735679 305790351 306167596 306527245 306569199 306662846 306792502 306818509 306888763 307081671 307177762 307198653 307258334 307320835 307345381 307432620 307494443 307626039 307917394 308194984 308233661 308293614 308442217 308502736 308524560 308796781 309244545 309533880 309615976 309810570 309944998 309984905 310216420 310360014 310392921 310510125 310651627 310839087 310940763 310976975 311004933 311047716 311063545 311130609 311334829 311588638 311819254 311967701 312054043 312213326 312366916 312579599 312599170 312643366 313152709 313256369 313307118 313584558 313632566 313914887 313937366 314100876 314207469 314310339 314391642 314450719 314502622 314854529 314855063 314882840 315038710 315296626 315512551 315543360 315605414 315721538 315782843 315832926 315857975 316138320 316201349 316245993 316338717 316445278 316515186 316537501 316546331 316719254 316819706 317043204 317161543 317241986 317442786 317496776 317538791 317673396 317784194 317844140 317943157 317970972 317988860 318294463 318301738 318425371 318518421 318563921 318656353 318714244 318820239 318963382 318990081 319017372 319213989 319427419 319583885 319776689 319854865 319855250 319957965 320071583 320169989 320226018 320233206 320252332 320305962 320398789 320690139 320832752 320911716 321020038 321336160 321377999 321473647 321473789 321946884 321978934 322121090 322133403 322429985 322716272 322732645 322852197 322858559 322887811 322889231 323071497 323074476 323113597 323339851 323358663 323454910 323531730 323535531 323624893 323725370 323894337 323907149 323926639 323957157 324084432 324192414 324201695 324305493 324360321 324411163 324442201 324703612 324717749 324825351 324961216 324978835 325067219 325113436 326015573 326069613 326158846 326216429 326247597 326429925 326507116 326531142 326654209 326826216 326861951 326988461 327012865 327073642 327126206 327451899 327456224 327732172 327822830 327834560 327920038 327945347 328004280 328111569 328121667 328160203 328197523 328261258 328632967 328676519 329242479 329280021 329353694 329371494 329401937 329573296 329668600 329877269 329979472 330100615 330231287 330375275 330589506 330607588 330885175 331572781 331588117 331650651 331871997 331895279 332204505 332254759 332301527 332403322 332487826 332621188 332688535 332754495 332850231 333020915 333094735 333130551 333531479 333974834 334634899 334988399 334988634 335049499 335122618 335143356 335197589 335396790 335409888 335618548 335642950 335649627 335703771 335706216 336393325 336482140 336487651 336692771 336694596 336807670 337072172 337204009 337215068 337245914 337361336 337421854 337616022 337725789 337766759 337813722 337836860 337900403 337985285 338031103 338068139 338075066 338149051 338245545 338284793 338400557 338550069 338570882 338607145 338622505 338729879 338832353 338844043 339034465 339038242 339048551 339226550 339317086 339417088 339542380 339701972 340117267 340349990 340432136 340500841 340634497 340765462 340766897 340870857 341051007 341353199 341609596 341642414 341758395 341893300 341931999 342268623 342629861 342643958 342660686 342772438 342861376 342907138 343023713 343039830 343048200 343215104 343256347 343534680 343553418 343812607 343890452 344032601 344168941 344215210 344418907 344610821 344659416 344788705 344845844 344953548 345113351 345133566 345163320 345289777 345412199 345415552 345494175 345568880 345667733 345735849 345879344 346038816 346102055 346115732 346724092 346973672 346999934 347084630 347089104 347254801 347383739 347405727 347442141 347781389 347841453 347844316 348018749 348131130 348164238 348263811 348333238 348549938 348609628 348690535 348922007 349424207 349593311 349637957 349679802 349715028 349906270 349973746 350029019 350453151 350572583 350607037 350685762 350716928 350771551 350813894 350828196 350904922 350946470 350990117 351028930 351042780 351127410 351215401 351236285 351316019 351640837 351767160 351815746 352125712 352138174 352249781 352546092 352611139 352778975 352861709 352991929 353157612 353570359 353817049 354285859 354451366 354775758 354781922 354807300 354891726 354892011 354964733 354970123 355500017 355553771 355595137 355646111 355784913 355875862 355948561 356015739 356045728 356467972 356504066 356638045 356651540 356777892 356881944 356948772 357016773 357061024 357265057 357512648 357556896 357644227 357756698 357884816 357899549 357978107 358107574 358177137 358202916 358205877 358284219 358392429 358881436 359091934 359115581 359352770 359377857 359396482 359547355 359593719 359642198 359943964 360319806 360492323 360553590 360802061 360828322 360979331 361250187 361289618 361291796 361457956 361756598 361779326 361793394 362052143 362084683 362170796 362225197 362251327 362257365 362433093 362523624 362741133 363150386 363273718 363325671 363414682 363558189 363741875 363859444 364027228 364225793 364241084 364357983 364438809 364527602 364712606 364906851 365057348 365128958 365416807 365486103 365753117 365877984 366218343 366360043 366442714 366490408 366731511 366788096 367016842 367211307 367284251 367525557 367526787 367579435 367658606 367691474 367742216 367783494 367794827 367890458 368028022 368036041 368166684 368265563 368379627 368386515 368608340 368660644 368689086 368699650 368713219 368754853 368758366 368869968 368945895 369001663 369003560 369415070 369433608 369524154 369577690 369592774 369642330 369914394 370098062 370167803 370196298 370298421 370362822 370733741 370887782 370965616 370977746 371019151 371177612 371344164 371400439 371493855 371500155 371597102 371668347 371784517 371836686 372011950 372163284 372226328 372252444 372325306 372653604 372678573 372808991 372822622 373102883 373213510 373305331 373421773 373546276 373697040 373783333 373817098 373879468 374033827 374194206 374291135 374574576 374957214 375049822 375157867 375292459 375483191 375546644 375587519 375600569 375651669 375850905 375917719 376214593 376245440 376384060 376479924 376688601 376735971 376769934 376811282 376910276 377301257 377357881 378042213 378398685 378576004 378709124 378852497 378874119 378941187 379020076 379153460 379316151 379641426 379694120 379710062 379710185 379802535 379962561 379973531 379989867 380057669 380142646 380146413 380263372 380311187 380377640 380451080 380725032 380769903 380876826 380892398 380899820 380939623 381012063 381100067 381200670 381213725 381375709 381484558 381486871 381487230 381554284 381575127 381831482 381840339 381943603 382230755 382255097 382317734 382375839 382418739 382465252 382572941 382688409 382711439 382987868 383052655 383188537 383318671 383409259 383603535 383650357 383759395 383992545 384115938 384177463 384255620 384285841 384365465 384491208 384522686 384654423 384720252 384815848 384852242 384946139 384969499 385260855 385406799 385433686 385645541 385698233 385753427 386079725 386247925 386596258 386753626 386790751 386881897 386967353 386971634 386994046 387005039 387109107 387203674 387386672 387412888 387459663 387726214 387734161 387773691 387892310 387980610 388219015 388309416 388348282 388356884 388515412 388551345 388705002 388884912 388904903 389188075 389306123 389605643 389715122 389727050 389747812 389873159 389902561 390120330 390177440 390257286 390758492 390770569 390794225 390906098 391085943 391107560 391147784 391238749 391439798 391491074 391773664 391898429 391898571 391913519 391980898 392027323 392033459 392048765 392063775 392167454 392504117 392767282 392772094 392811910 392815681 392839028 392853339 392952824 393054853 393071203 393177132 393254209 393469668 393565433 393615367 393690275 393780126 393829903 393835113 393863005 394153596 394295643 394702857 394713450 394873256 394933256 395013648 395142355 395223853 395357342 395370928 395371988 395392423 396090614 396300357 396328235 396397691 396426898 396683046 396719987 396749332 396892148 396918240 396965919 396968106 397452713 397510592 397699921 397831672 398098483 398270987 398419337 398901867 398906020 399388414 399398093 399423308 399490442 399519632 399589044 399613689 399698869 399707567 399788924 400037761 400077126 400083864 400148690 400258485 400377766 400588529 400628336 400904528 400997717 401144733 401261884 401270947 401275985 401378000 401559337 401562459 401822412 401872811 401878711 401918406 401928640 402008987 402033493 402111531 402137274 402381867 402467348 402678418 402703643 402716750 402739987 402775573 403063931 403176962 403190158 403372172 403543791 403625694 403656381 403674844 403730953 403734285 403956345 404271001 404334038 404399613 404590192 404957393 405000723 405012089 405117691 405154923 405157445 405308702 405418923 405715651 405785883 405787984 405840370 405848259 405918092 406013799 406214368 406236753 406301327 406373617 406402865 406425779 406427312 406614238 406671337 406721212 406820307 406824213 406858301 407007148 407014055 407057162 407262369 407299573 407312751 407337064 407379293 407462961 407509390 407707406 407753959 407879536 407913963 408124645 408158294 408286395 408511534 408556663 408725353 408728976 408778643 408847281 409170010 409671061 409774354 409935545 410008153 410041705 410103170 410252272 410991212 411270724 411535460 412108974 412267046 412322422 412341709 412464844 412585028 412804004 412884646 412925574 412927482 412978442 413142013 413244858 413379472 413769320 414220651 414286196 414300686 414301742 414365457 414619345 414669299 414786613 414898792 414920148 414958046 415092242 415180568 415246777 415595102 415621668 415668208 415688535 415852779 415989176 416013509 416025121 416131955 416140944 416203606 416404895 416449923 416536357 416687940 416856288 416977849 416983932 417181805 417554741 417652280 417881956 417909573 418080622 418109120 418127410 418174125 418256114 418531438 418593274 418626662 418791994 418876296 418898460 418931643 418977887 418986155 419078102 419125361 419159225 419192475 419344698 419584698 419652371 419655455 419700814 419841183 419862618 419869014 419998171 420075813 420080249 420174844 420227664 420364793 420505824 420604725 420728529 420773588 420948892 421061561 421130293 421342593 421378993 421388302 421427420 421616632 421727987 421858500 422025310 422081344 422091544 422115029 422138844 422225262 422514886 422584481 422635136 422693599 422786047 422844155 423102170 423340211 423417206 423445461 423575055 423919647 423978156 424190532 424290786 424299216 424348546 424375423 424588908 424969960 425063339 425372273 425480879 425608812 425849976 425937880 425994969 426073719 426197645 426291193 426298188 426300646 426320793 426435082 426436129 426481412 426489538 427044111 427049333 427191207 427370036 427481721 427549029 427575501 427596025 427863052 427959204 427971105 428230435 428948693 429157204 429222029 429309315 429332177 429414081 429589769 429614781 429632149 429678577 429680550 429839257 429991249 430118801 430207870 430213692 430243796 430482202 430496217 430603378 430864227 431474444 431672183 431795518 431813509 431824475 431906397 432105653 432115117 432126348 432145924 432278008 432339103 432545014 432787984 432929528 432962300 432973936 432985481 433168852 433195327 433410146 433545103 433682972 433998208 434004241 434043721 434055972 434799831 434934141 434944306 434995414 434996441 435060378 435165440 435168361 435321137 435365369 435417407 435514323 435545107 435589829 435764944 435821274 435972449 436001937 436253559 436308811 436527063 436687868 436787642 436799346 436873440 437127875 437162407 437324689 437394270 437435115 437551464 437587514 437634111 437921224 437995212 438084212 438297795 438567675 438668701 438732443 438916699 438974581 439113709 439581159 439606192 439658735 439849710 439860930 440086335 440241217 440429900 440502388 440567452 440599848 440788688 440916558 441090126 441250559 441336688 441636638 441651238 441714879 442024122 442039009 442303151 442325359 442411637 442473511 442480525 442552891 442563429 442693851 442829870 442858455 442892562 443038254 443234835 443308146 443351746 443607259 443761420 443813959 443966771 444064243 444214827 444383768 444415771 444415849 444500043 444530170 444768476 444803202 444809647 444938109 445089705 445109607 445179287 445270374 445330936 445357277 445454712 445500194 445686486 445898406 445995765 446433765 446683063 446763294 446842167 447404810 447504430 447744145 448024054 448091716 448134787 448242836 448247469 448564545 449029592 449067853 449332742 449475832 449506225 449568258 449657279 449676964 449785941 450556655 450560128 450604196 450610032 450659547 450775573 450905076 451103740 451119346 451150876 451644836 451760514 451798176 451828851 452063549 452222368 452298797 452302767 452310887 452488944 452564931 452565270 452592617 452624894 452790128 453042428 453180747 453275337 453314833 453631020 453661028 453670215 453813913 453998220 454147244 454197331 454493986 454512088 454517740 454677469 454852553 454926799 454966777 455038439 455135016 455338630 455503939 455692542 455702882 455762343 455770814 455789446 455873590 455965140 456074032 456246300 456398088 456459415 456505516 456518867 456540423 456666982 456788035 457061479 457152715 457226696 457274428 457277859 457283763 457445294 457488731 457493048 457510088 457633562 457769567 458042538 458209968 458323432 458380150 458393772 458644608 458778539 458918749 459187313 459241593 459243755 459767820 460042846 460125891 460197563 460198985 460234196 460372184 460470696 460527770 460534599 460693721 460718779 460823982 460898716 460959355 460991051 461148337 461280556 461515046 461641233 461766289 461871894 461903682 461950030 462001651 462213436 462355855 462385144 462675918 462833637 462949510 462949586 463043169 463099782 463167437 463440280 463483587 463527558 463684039 463767578 463824722 464041363 464062304 464481368 464513751 464561669 464781042 464781940 465014052 465299908 465437250 465462297 465617626 465706624 465842855 465854836 465905900 465917242 465948705 465958230 466030265 466172996 466296468 466373527 466427227 466510312 466576387 466688788 466751454 466803028 466936643 466943997 467099721 467172021 467279224 467711137 467732207 467947263 467952250 468133445 468422067 468527627 468536669 468559521 468988446 469058868 469138281 469294619 469476500 469608631 469714733 470051969 470127466 470135040 470549359 470570272 470734396 470825023 470945164 471259451 471334895 471364604 471396868 471441647 471453398 471505747 471528211 471528747 471632899 471719496 471725492 471731392 471815108 471959734 471998948 472017887 472138081 472300718 472346640 472439612 472737013 472878368 472944190 473040661 473163737 473179051 473181623 473349723 473358789 473387124 473490170 473582624 473615820 473641400 473775327 473869187 474086131 474297110 474406136 474425574 474438388 474551976 474620592 474836209 474935380 474947769 475008898 475049739 475126159 475759662 476037177 476088564 476101481 476288332 476450640 476483469 476636929 476641840 476666819 476675328 476825945 476852551 476998353 476999472 477170987 477360740 477449492 477759015 477799057 477827117 478097933 478146756 478201625 478699166 478808879 478957463 479250953 479377183 479384250 479497852 479580480 479607358 479657684 479734921 479773979 479829847 480042982 480072164 480084172 480266822 480463416 480589715 480617295 480764882 481010890 481161143 481267640 481382557 481436518 481496057 481677593 481713727 481785694 481795407 481861852 481962622 482162042 482170353 482526304 482573056 482656074 482891763 483021960 483026728 483162901 483267150 483299882 483310211 483382716 483470840 483574539 483625192 483682609 483688018 484131357 484333613 484420482 484424071 484441755 484672673 484717654 485003700 485196603 485230700 485235685 485305503 485345293 485448077 485477938 485481192 485545842 485601647 485643570 485792479 485845312 486215433 486275824 486330621 486364367 486524097 486602187 486787466 486848429 486860269 487125174 487156972 487185739 487316851 487412920 487414185 487414590 487453749 487561506 487878747 487955120 488036700 488039939 488524026 488542924 488628724 488701641 488961913 489034189 489111483 489208098 489239693 489306447 489313470 489318314 489477466 489880643 489960389 490085071 490239975 490324064 490325430 490349512 490366246 490439322 490508638 490600321 490666157 490671723 490777658 490966875 490984358 491091489 491148962 491300513 491318325 491438366 491655974 491681292 491698636 491725563 491830131 491860298 492039734 492419911 492664071 492887445 493048872 493057414 493059968 493173990 493310553 493389315 493819226 493855549 494054520 494081609 494131077 494144883 494193565 494285975 494497934 494679658 494695244 494927363 495082930 495237125 495384242 495427517 495534641 495567494 495696503 495759611 495855656 496096747 496184232 496286096 496299009 496351155 496478945 496521022 496570155 496656790 497085148 497125443 497141433 497182634 497309865 497324198 497653299 497707528 497817731 498065964 498071075 498202084 498222270 498394823 498462010 498478342 498627633 498672257 498833533 498878650 498905783 498910640 498911175 498920246 498931457 498997160 499197513 499275384 499308382 499324510 499537515 499655434 499730823 499953993 500180575 500320187 500340019 500427079 500432548 500468640 500631537 500991664 501330144 501383406 501425596 501800844 501828392 502003108 502082105 502105470 502138936 502185814 502358492 502496574 502595065 502646176 502813866 503015325 503178695 503184738 503197097 503513261 503588350 503599717 503612351 503756440 503816486 503856577 503895219 503914754 503936359 504082602 504151108 504301180 504423808 504557541 504634253 504836262 505126119 505602803 505655234 505740315 505864730 505960907 506116011 506209074 506277356 506380888 506507398 506703700 506997458 507039684 507106648 507125202 507419095 507693179 507851689 508087610 508120165 508145595 508156097 508411628 508426345 508473337 508488123 508721432 508757888 508797265 508821133 508910760 508937325 508970163 509173060 509233088 509408954 509427774 509477907 510101642 510137366 510159278 510285459 510511436 510612295 510616992 510671084 510711625 510760531 510866010 510888756 511103497 511337472 511370222 511384397 511466854 511554459 511660462 511665895 511667126 511714499 512268326 512482843 512588270 512820826 512956121 513145197 513386413 513487340 513527944 513566173 513603534 513632684 513656550 513709381 513741702 513804995 513811254 513867068 514021967 514073125 514081560 514116301 514153056 514173753 514276062 514308649 514414422 514443209 514534792 514643416 514704430 514725794 514776626 514787496 514816546 515003635 515096617 515097956 515228713 515371874 515586535 515648088 515912180 516393759 516399170 516659719 516762369 517309758 517475060 517651411 517851569 517970515 518116804 518154374 518165296 518564123 518576967 518604749 518793045 518903834 518926770 519065337 519210172 519242369 519328283 519414561 519446298 519520347 519537938 519571752 519675862 519680065 519734157 519781852 519823701 520124901 520133670 520522447 520597381 520777043 520808651 520881278 520967204 521071126 521330492 521341132 521369911 521395407 521495130 521522879 521709008 521871325 521970434 521976578 522079920 522080703 522124058 522254548 522301766 522381478 522464831 522595776 522618474 522843043 522905236 523059286 523246450 523403516 523465978 523574713 523648900 523745110 523804474 524036759 524362652 524414690 524501193 524543401 524665169 524759127 524763495 524861432 524865483 524887196 525073427 525114650 525376924 525478000 525600494 525788781 525806932 526122950 526226704 526506283 526508027 526512155 526621373 527054234 527140148 527180969 527272035 527331093 527498806 527531115 527562804 527589149 527966088 528009927 528062808 528156431 528167860 528194540 528295537 528363994 528379015 528401648 528416185 528444135 528448956 528618150 528668381 528707821 528888227 528908652 529270094 529435019 529450106 529571680 529684808 529725880 530004666 530010058 530072369 530671378 530721081 530728342 530762211 530811132 530852646 531007937 531085426 531360807 531420921 531703886 531719313 531826097 531889643 532181739 532280713 532314559 532411221 532491901 532593616 532640457 532660879 532676191 532677789 532791061 532844169 532976113 533008127 533019534 533050237 533146398 533285428 533336589 533415101 533484994 533491367 533551058 533807448 533906895 534051661 534114112 534166347 534275766 534583170 534596763 534700255 535051971 535080373 535158773 535234792 535251451 535454354 535475827 535522890 535631119 535781818 535842968 535852493 535906823 535992015 536356909 536517496 536522737 536578884 536825853 536870646 536971919 537007518 537105031 537196051 537316128 537399254 537650318 537722463 537760437 537815426 537896118 538108016 538219109 538540800 538829108 538852026 538929754 539340037 539348710 539504385 539523705 539551187 539584504 539662290 539761505 539779672 539822964 540041934 540053418 540334689 540379935 540405021 540614268 540674422 540681101 540940872 541433371 541563191 541673371 541715865 541721812 541735388 541766701 541770559 541873577 541891354 541983285 541989574 542143144 542158703 542450680 542516373 542590898 542595095 542678015 542711602 542772665 542796464 542851498 543650157 543860538 543966802 544044466 544346240 544409520 544485822 544499298 544675198 544892514 545007040 545111735 545340360 545714613 545772940 545812227 546003695 546014743 546100214 546139520 546258865 546497136 546609288 546744337 547227254 547252814 547386383 547479064 547486280 547499343 547540677 548093446 548126245 548269569 548302426 548306204 548562862 548656832 548712608 548785841 548924782 548934219 548940445 548944867 549197325 549240562 549273590 549326411 549329223 549445239 549454613 549541102 549546714 549643312 549650603 549701396 549951106 550064132 550157529 550245996 550377034 550460377 550507623 550510867 550566906 550681927 550698182 550926209 551025017 551042176 551051492 551088850 551096238 551127031 551150030 551164849 551208106 551349054 551353606 551639158 551720115 551771116 551781905 551866435 551925982 552830129 553179622 553238182 553256708 553422131 553589102 553861959 553880909 553951367 553952129 553982567 554120474 554240030 554310987 554450348 554713121 554831297 554939898 555118165 555206396 555234766 555275657 555276620 555651275 555680450 556193100 556338427 556509077 556690972 556779632 556820825 556941487 557079018 557118400 557135659 557169526 557283381 557312246 557323894 557327468 557419196 557471609 557504783 557570003 557933987 558007105 558016841 558295401 558387286 558423649 558426413 558768960 558837054 558878824 558901642 559056333 559123754 559265904 559349131 559474185 559943915 560033159 560048814 560080388 560098013 560104961 560245632 560433258 560529530 560681371 560763864 560768834 560806285 560853117 560919663 560989986 561029546 561039365 561155720 561241369 561330560 561357786 561460859 561462560 561662143 561934775 562116429 562117018 562255482 562621475 562626073 562859057 562861171 562899280 563265243 563323147 563350897 563375384 563646252 563715758 563774337 563855832 563860806 563906160 563906796 564369293 564479575 564578223 564653006 564667680 565112358 565601495 566015734 566087207 566149091 566212965 566294522 566300539 566327902 566444817 566550682 566588415 566727286 567083857 567260134 567367330 567445198 567521077 567637248 567637264 567750106 567841230 567853092 567925144 567973050 568089720 568114591 568709168 568845750 568891262 569017540 569056582 569274449 569442552 569651102 569696021 570027266 570175313 570323983 570366376 570506473 570685809 570703425 570703933 570717108 570725873 570878893 570910487 571127702 571186697 571500497 571500937 571672256 571803289 571966264 572190969 572257401 572512169 572538927 572887686 572951624 573121178 573204061 573311340 573419473 573538020 573566375 573576281 573630286 573648205 573702590 573758436 573875620 574028145 574213170 574402835 574880063 574921769 575148835 575308839 575310027 575318258 575352021 575364791 575364873 575374757 575474464 575493551 575628922 575819744 575867509 576071928 576097556 576146562 576355724 576384815 576625930 576840396 576944424 577094317 577114661 577238850 577303043 577354601 577585483 577662912 577671976 577940998 577975221 578042664 578263427 578516064 578607620 578734410 578909698 579137967 579181610 579546127 579736842 579754095 579799344 579831504 579868885 579955868 579990278 580109901 580436245 580908365 580936690 581027135 581042023 581042508 581174923 581263822 581351072 581544882 581570751 582072673 582100697 582323740 582391987 582465996 582615853 582676379 582725134 582749324 582789115 582803695 582997296 583052381 583470978 583800818 583841871 583845181 583970122 584067294 584183632 584305654 584437205 584837202 584867910 584882837 585051948 585065164 585143699 585151332 585291234 585492423 585522624 585591368 585682910 585910412 585980541 586003063 586047599 586099700 586110972 586260958 586269332 586466614 586509984 586519547 586574094 586752733 586788000 586793743 586951038 587017576 587053432 587072437 587284112 587400221 587475476 587478268 587600561 587612735 587675921 587694022 587744527 587811139 587893224 587902380 588040776 588071108 588282583 588329614 588426817 588603376 588795846 588831483 588833168 588919112 588952528 589006955 589037833 589075843 589127234 589194197 589384792 589685120 589834956 590047594 590119057 590123628 590156731 590206924 590215848 590327759 590387698 590499573 590643120 590992284 591081418 591181876 591503707 591575369 591609931 591938446 591975218 592006374 592064802 592098466 592176387 592229922 592401836 592615078 592654945 592732855 592803882 593187624 593221607 593453324 593578572 593720124 593754401 593847113 593874391 593937109 593970721 594242335 594310226 594355248 594558166 594730990 594731390 594882962 594949012 595029654 595101773 595287940 595318963 595345348 595516369 595674408 595755333 595825040 595909433 595977274 596012468 596021462 596087264 596102996 596207747 596246642 596328731 596348479 596354029 596503216 596508800 596894426 597014671 597255516 597324886 597546825 597645034 597773183 597774285 597834494 597912854 598032557 598182046 598246164 598349108 598492247 598506446 598662223 598693142 598886170 598907295 599498107 599614497 599672340 599725682 599905343 599931614 600068955 600100948 600183414 600239129 600377054 600493380 600776600 600953267 600995770 601005131 601050735 601154661 601315133 601320709 601556305 601566317 601577396 601615491 601643071 601777861 602262666 602351742 602545897 602785578 602894454 602900265 602949106 602956469 603262016 603304185 603528890 603631279 603721525 603918326 603939514 603994766 604183840 604458172 604475629 605227390 605345351 605480572 605548217 605642464 605709869 605727445 605743375 605851664 605914627 606010985 606172919 606274993 606463143 606582728 606776859 606848870 606938871 606998324 607152951 607271508 607488450 607627411 607673868 607679826 607939257 607966222 608231511 608269230 608405214 608410487 608562598 608586050 608602612 608747863 608767862 608793536 608994907 609017960 609154568 609158240 609178158 609234805 609256637 609258437 609259981 609276690 609311036 609366037 609458028 609555766 609761206 609901633 610025308 610129051 610259674 610429188 610465736 610496235 610497567 610533498 610548725 610581914 610642478 610731405 610731649 610833109 610839101 611188138 611195174 611218240 611308490 611523536 611787083 611862049 611901734 611958900 612038410 612190865 612260468 612445285 612527349 612816866 612914557 612915570 612959625 613268274 613425522 613714875 613818804 613824046 613842276 613874313 613874391 614167480 614394871 614497707 614505507 614628281 614648813 614659351 614720380 614741979 614790841 614949228 614958517 615019722 615171445 615441241 615712578 615776468 615852380 616008474 616127128 616328489 616408085 616464176 616480363 616599837 616625376 617016478 617066803 617145211 617188802 617292684 617371058 617380900 617436495 617860474 617890254 618110471 618168380 618334161 618369531 618440576 618642062 618793831 619025338 619071136 619202590 619443549 619654311 619654500 620029060 620141395 620202803 620369300 620377803 620435528 620576225 620613862 620621045 620795364 620908917 620935672 621022235 621066130 621328309 621644327 621675639 621791775 622006210 622396382 622498116 622568584 622635206 622659213 622830227 623076946 623123934 623455514 623522593 623587873 623682353 623755416 623812782 623823363 624065353 624130881 624315302 624793312 625027607 625102652 625141205 625232644 625339834 625346627 625429689 625492248 625797850 625926346 625933750 626016060 626165093 626182977 626214306 626448539 626500178 626519865 626601962 626664175 627071769 627203200 627211263 627268606 627299080 627636912 627775439 627817057 627926974 628006178 628034643 628127507 628139651 628142365 628157995 628322266 628435762 628537053 628688805 628936361 628972608 629159651 629306342 629405649 629617909 629626775 629754971 629766072 630066636 630176251 630331228 630525437 630692589 630751199 631015640 631054804 631112540 631279824 631339296 631576061 631629173 631782876 631803308 631975305 632453815 632457692 632554408 632768447 632857838 633016111 633072441 633123981 633294037 633355594 633444123 633555166 633758803 633809837 633817928 633930743 633940707 633960726 634011110 634071840 634132723 634231192 634264816 634280180 634290412 634378478 634432935 634439252 634500945 634583223 634628933 634629636 634634202 634812497 635267594 635458431 635564564 635663915 635871211 635999087 636026831 636141293 636169355 636211353 636271477 636375291 636688821 636981014 637166521 637281085 637315014 637444540 637739257 637853065 637939178 638120623 638135106 638215035 638258883 638329264 638335593 638368652 638512821 638798227 639350047 639401232 639632784 639643798 639874784 639967635 640018542 640375195 640451963 640495374 640624326 640731448 640817087 640933803 641079725 641183605 641186386 641379756 641622976 641635961 641784547 641923073 642026491 642098330 642103201 642299180 642321482 642450190 642533569 642682423 642690873 642739367 642810424 642859058 642997899 643085717 643171694 643359299 643423537 643578251 643586602 643766708 643806500 644091152 644217664 644302868 644422695 644466354 644633281 644914634 645215842 645227438 645276375 645386534 645386908 645413511 645471009 645627763 645727874 645811686 646165741 646193210 646623410 646943460 647246489 647252521 647473040 647621988 647654201 647655251 647789693 647825667 647972262 647978790 648223604 648398674 648441728 648551393 648652094 648942042 648981136 648987752 648998346 649000772 649088780 649129553 649149542 649196504 649228778 649245511 649305400 649510727 649557627 650138392 650173586 650195977 650325171 650495292 650631403 650689382 650868377 650883837 650941925 651371357 651476212 651944239 652127641 652199124 652399469 652418874 652653664 652689780 652773784 652785482 652975280 652975919 653035046 653202756 653266393 653303099 653312503 653321424 653338825 653369167 653423320 653823352 654072579 654182287 654239753 654269624 654350486 654397494 654397930 654485599 654659798 654939887 655156465 655376363 655909475 655923547 655925866 656000238 656001987 656092396 656139882 656221081 656228744 656321119 656484698 656489955 656518702 656519477 656679833 656683966 656749372 657030215 657227046 657232360 657238555 657292980 657449597 657509300 657646604 657682307 657996030 658096908 658265122 658317115 658411772 658477290 658589360 658639916 658760877 659094267 659108490 659278527 659489516 659568709 659572913 659702400 659716640 659827334 659917802 659918937 659980877 660033114 660068055 660213016 660291012 660324927 660509473 660511732 660526837 660530429 660571215 660886987 660917836 661033596 661231266 661341843 661511028 661559178 661732673 661815314 661883402 661908896 662115852 662212185 662424572 662478722 662501844 662576361 662837134 662918025 663249614 663349314 663501421 663521138 663565667 663633330 663685737 663737987 663756664 663864557 663973720 663985943 663986133 664239373 664294735 664381028 664416776 664552788 664695665 664930165 664989046 665119730 665195792 665201014 665205579 665332544 665358831 665493554 665570532 665632271 665664285 665700013 666130427 666441398 666461929 666497558 666595395 666608300 666664389 666811536 666936342 666936719 666946199 667028385 667033572 667274500 667362916 667658697 667716913 667801324 668071250 668189928 668321839 668404035 668535886 668587469 669170711 669622676 669625500 669690854 669791744 669826054 669901232 669931884 669934402 670140496 670269637 670284108 670485649 670508400 670617136 670954857 670987921 671009491 671162172 671180638 671234569 671254269 671448357 671501275 671514285 671646228 671861495 672075903 672331350 672555671 672646090 672728326 672853235 673220633 673501118 673526615 673784508 673817986 673891956 673921706 673975277 674009085 674067845 674161349 674467963 674618874 674855185 674999639 675118533 675371568 675443949 675475676 675513661 675539547 675570063 675575859 675595148 675610683 675734780 675741821 675773593 675887154 675888522 675889938 675989153 676013434 676146900 676189389 676335038 676551667 676695161 676813398 676902346 676981275 677166177 677340108 677356366 677556035 677600164 677799158 677814922 677830740 677842468 677961993 678023897 678055895 678240665 678392650 678447531 678493738 678557990 678673394 678836725 678870336 678897432 679026235 679208695 679226912 679331517 679425946 679522036 679531938 679604215 679681513 679742493 679958024 680049106 680396645 680443052 680657516 680756432 680888570 681054301 681206054 681249786 681278051 681323022 681370625 681421675 681588586 681594342 681669003 681757878 681867744 682108684 682290621 682292078 682442673 682660520 682717896 682984039 683067870 683160698 683188995 683195332 683195621 683586292 683717082 683726627 684166973 684303757 684528736 684609100 684614604 684650312 684763973 684994049 685038441 685116066 685208651 685535549 685719052 685761007 685772053 685781432 685882039 685884726 686092484 686334754 686414896 686468197 686480028 686675382 686981053 687027106 687083681 687202776 687285917 687440797 687468316 687588386 687795813 687806318 687843919 687866598 688024908 688059715 688135925 688186214 688200828 688560980 688715283 688863220 688885668 688932067 689018908 689108521 689111857 689155548 689219531 689262214 689509051 689606798 689651318 689869498 689992106 690041102 690090867 690204545 690325537 690409495 690422004 690490953 690532119 690555743 690556101 690798157 690871205 690877531 690902724 690916812 690961942 691069977 691135694 691169616 691195109 691225796 691483276 691491078 691495331 691554080 691643470 691893619 691926008 691996595 692045821 692095116 692124590 692211001 692277427 692478553 692548874 692611861 692750274 692800847 692935922 693138114 693272212 693272908 693305529 693315653 693331305 693634991 693971476 693981984 694074457 694082092 694258267 694415115 694560706 694669546 694787126 694787961 694878855 695104638 695181403 695290892 695478248 695589450 695710593 695779723 695901325 695925828 696150723 696174394 696204958 696404229 696693226 697616530 697632905 697788434 697796102 697981502 698079576 698113120 698192444 698195188 698283567 698328524 698366059 698777244 699022812 699142068 699256496 699389286 699405753 699436514 699588909 699631106 699795284 699879621 699911590 700085458 700216423 700310112 700459629 700493088 700507824 700883256 701031832 701267455 701297180 701537244 701673501 701795080 701885009 701948559 701974767 701985857 702052863 702282074 702325799 702327989 702331588 702386165 702551217 702595670 702624540 702626655 702902938 702925042 703214262 703269407 703340875 703351668 703415899 703587705 704024185 704118060 704277845 704346299 704350399 704414427 704428753 704477388 704824363 704950349 705204880 705594600 705789964 705866160 705988178 706014459 706155694 706185092 706282788 706364497 706435542 706449044 706711965 706739877 706785948 706790011 706945343 707013218 707178386 707353993 707442061 707932752 708259942 708291486 708381016 708617029 708702348 708954984 708993168 709061862 709065166 709119370 709202042 709233889 709270588 709377481 709478630 709607369 709837836 709846049 710204664 710261988 710265772 710425514 710547738 710596418 710734141 710885672 711191832 711368506 711479010 711505227 711626484 711728262 711734249 711765415 712019081 712024182 712058117 712831150 712985033 713055687 713073992 713329254 713574323 713582300 713583820 713596184 713631642 713645460 713683170 713752312 713848922 713902332 713936351 713945667 714464243 714485992 714760321 714889992 715073226 715185110 715287921 715332495 715364563 715388519 715456471 715704325 715790814 715871622 715977977 716033149 716085289 716270062 716298843 716304067 716469799 716469908 716706234 716723713 716827049 717080676 717127770 717170696 717429796 717534540 717649262 717785774 717883907 718043198 718072339 718207234 718422854 718477708 718810402 718856737 718878822 718889399 719004876 719067208 719098592 719128259 719302134 719363516 719378910 719428673 719452247 719742162 719862235 719957664 720033109 720048318 720173560 720265712 720346626 720707382 720853082 720968359 721191715 721275881 721335474 721370286 721649384 721692221 721788470 721841409 722141108 722197709 722218925 722232955 722236236 722259359 722279380 722298910 722379112 722388139 722581842 722782132 723317314 723462060 723513807 723584797 723673592 723857540 724215929 724220622 724351405 724463631 724507629 724513184 724516537 724654046 724705303 725016714 725043532 725296797 725319134 725346809 725390937 725513163 725726407 725734688 725741733 725781743 725791911 725842612 725906881 726050467 726173701 726298149 726491561 726725514 726729633 726927035 726942829 726962405 727033901 727055815 727276399 727388833 727590113 727853066 727863133 727942582 728185518 728228376 728268598 728280654 728293230 728623452 728628408 729087052 729320961 729431377 729498088 729504478 729539581 729569755 729578838 729969551 730101357 730107456 730150940 730363684 730532280 730928758 731229226 731526466 731825609 731873618 732268449 732469288 732568289 732600677 732618314 732756185 732880181 732892308 732958128 732968319 733093834 733192458 733644260 733730262 733798552 733984541 734014181 734030619 734035962 734148169 734243394 734328620 734404310 734472852 734806823 734866817 734903359 734977763 735287782 735718917 735762107 735780136 735970164 736177603 736388775 736403509 736413674 736641382 736703902 736921040 737101041 737227551 737228260 737271220 737393110 737534415 737536148 737577956 737637246 737833984 737837560 738244436 738407881 738568191 738757849 738795630 738850534 738878798 738891155 738941471 739017265 739187801 739219241 739313646 739361416 739442638 739482450 739531350 739577552 739615600 739687970 739859086 739906823 740027350 740151236 740216670 740395687 740406356 740445186 740628619 740658109 740663794 740810713 741002315 741024402 741048915 741241996 741270923 741469813 741679773 741698461 741750927 742081282 742111430 742123634 742177025 742408548 742452653 742468202 742524433 742548421 742683226 742722659 742732679 743061465 743194581 743275398 743421240 743427532 743541396 743626798 743814087 743861379 744081751 744297129 744328654 744568064 744797079 744807350 744820923 745206090 745208766 745220801 745258024 745319085 745395061 745642367 745661297 745749393 745820141 745957632 746162895 746220207 746256919 746333907 746375491 746483308 746644472 746653080 746748617 746946795 747049271 747076699 747155937 747184031 747185769 747297886 747359773 747376068 747386983 747569252 747656394 747781904 747797809 747820703 747899971 748487739 748502606 748839310 748843041 748994863 749250660 749427422 749485241 749537462 750215841 750341274 750634171 750728179 750729856 750838113 750881395 750966248 750988346 751124702 751140615 751150802 751253854 751284501 751317021 751452750 751603520 751612306 751666256 751685344 751770431 751911610 751944765 752180159 752273123 752432272 752474717 752729381 752839064 752849197 752959609 753086055 753163637 753217762 753433531 753635704 753758097 753759546 753928673 753931709 754032463 754057061 754138433 754260236 754317764 754337050 754339504 754397606 754461980 754565722 754661681 754676915 754744480 754751359 754781668 754829736 754854971 755006930 755057826 755157212 755313165 755353552 755398199 755544278 755741193 755773713 755905178 755931565 755933111 755947260 756008324 756069679 756114847 756183336 756262080 756299974 756332138 756336032 756976662 756989542 757010778 757253846 757352022 757570781 757683726 757816703 758128165 758134341 758461217 758578767 758598138 758640080 758708157 758716029 758939021 759358224 759403017 759404450 759432309 760243575 760404197 760435375 760494829 760507166 760562943 760764160 760834681 760945292 760946663 761133936 761190823 761214002 761254928 761399425 761497165 761512053 761796593 761821434 761841927 761975757 762157564 762227964 762314204 762328929 762389783 762475035 762527070 762556717 762584281 762841615 762885005 763027243 763078935 763079515 763315041 763405292 763551447 763554114 764063084 764103884 764377459 764638854 764850283 764860705 765335805 765345239 765373974 765446614 765457101 765580186 765604646 765801160 765913733 765991880 766035655 766118709 766136761 766149185 766161145 766232147 766260451 766387545 766459479 766563425 766660850 766673423 766908142 766983874 767080968 767233277 767235190 767554240 767745670 767989501 768150596 768378377 768449382 768550947 768662649 768748464 768780223 768964038 769084065 769165299 769196958 769240248 769377489 769424317 769471031 769611946 769687030 769738071 769939851 770099433 771191276 771324887 771650359 771659448 771683734 771748651 771786358 771822350 771964026 772054890 772092900 772164331 772390724 772451520 772465304 772501520 772596208 772615398 772919761 773135062 773203654 773248527 773352895 773522656 773577480 773755662 773821058 773837565 773891375 773924684 773986454 774116310 774398300 774441596 774624276 774750975 774875060 774958032 775032157 775070710 775342604 775400589 775406766 775888400 775910084 775963196 775983142 776089761 776145622 776162698 776408649 776610538 776679593 776853382 777016574 777073775 777113174 777209838 777321930 777389545 777508372 777513980 777701556 777727528 777764052 777889227 777918693 778085089 778089007 778247783 778303293 778367535 778553441 778630696 778767136 778854007 778906091 778963626 779179278 779300693 779326282 779471594 779659672 779847917 780255157 780481978 780696358 780776029 781017615 781090571 781161104 781211331 781229576 781245198 781270135 781276346 781279787 781298159 781652897 781752601 781790327 781824642 782200077 782211441 782417400 782434899 782470162 782547398 782610109 782624939 782713801 782853043 782858317 782975940 783068862 783156943 783239667 783248220 783409207 783420964 783803154 783868633 783893666 784061562 784147417 784221829 784372958 784493466 784511073 784606144 784948827 784986940 784997394 785027915 785043207 785125855 785458976 785587736 785615932 785674153 785729251 785826363 786008124 786341340 786564542 786738757 786753243 786764039 786920999 786936502 786941563 786973675 786997970 787012233 787466410 787475773 787801319 788025650 788158696 788315724 788568379 788578595 788598013 788815260 788821071 788838856 789011761 789074371 789159542 789183476 789186921 789328161 789351199 789414393 789437040 789533648 789723422 789761752 789940053 790010352 790157242 790360120 790401346 790583725 790954922 790956974 790957831 790987129 791188778 791192932 791317302 791397072 791510627 791844973 791846555 792020423 792299062 792312706 792317107 792387286 792393320 792405204 792473863 792591442 792627355 792772906 792783048 792788615 792885976 793114237 793275619 793371176 793458884 793576352 793903533 794227631 794266408 794288275 794540474 794601568 794822468 794886224 794994261 795097154 795139236 795278579 795367354 795436513 795592954 795873037 796128843 796389158 796687163 796926990 796995639 797041217 797153240 797153545 797182988 797275069 797276244 797515101 797739980 797873889 798216996 798276549 798351009 798387375 798421187 798498042 798532048 798534850 798543699 798606994 798608300 798661705 798803349 798865745 798899099 799005200 799021998 799098260 799235644 799249933 799473776 799557570 799691199 799697773 799910026 800382783 800594958 800757605 800815179 800900975 801280576 801335255 801458690 801731984 801862803 801961806 801970614 802078938 802280220 802385247 802389550 802587365 802717378 802751975 802791882 802865990 802931755 802994053 803433759 803539569 803715969 803735864 803984722 804065023 804188691 804316915 804375735 804539949 804644067 804959320 804969973 805024969 805093604 805114969 805155157 805160706 805178190 805243454 805340229 805341935 805493546 805594563 805700251 805716243 805765914 805809373 805938869 806018838 806940524 806969074 806983678 807043901 807135999 807263232 807320191 807325266 807334800 807339828 807518720 807682519 807772788 807944175 808173787 808259750 808313887 808424149 808588491 808751549 808817117 808869569 808985435 809021025 809354642 809468775 809494191 809525857 809537537 809553440 809557820 809583200 809701600 809888331 810066195 810090016 810152371 810206546 810377980 810408397 810618694 810665947 810852859 810881746 811100895 811147540 811148816 811280969 811605181 811704258 811802497 811853481 811963461 811974734 812016499 812082539 812111353 812120286 812142339 812149484 812227095 812315732 812797056 812834277 812914924 813032722 813062770 813076555 813176631 813188301 813316449 813492812 813693047 813908278 813933261 814004049 814366129 814401148 814495123 814551875 814835246 814848026 814907571 814957173 815094148 815229777 815237565 815240986 815427385 815731392 815791341 815832337 815922772 816001482 816011246 816109314 816229812 816806365 816927146 816930952 816939123 817406191 817436011 817667787 817670298 817700801 817959163 818092261 818115539 818127786 818147914 818500110 818561571 818610202 818617705 818813411 819153036 819190592 819330113 819332312 819415634 819792722 819917356 819949278 819972948 819979389 820016086 820018421 820028205 820060127 820072500 820101049 820126129 820190407 820198243 820210140 820416071 820741616 820771924 820792640 820905290 821007999 821148107 821153661 821323599 821676935 821856356 821881623 821905013 821913744 822044255 822205894 822272092 822282699 822360582 822393716 822575605 822648415 822652723 822826137 823035530 823551666 823586177 824076216 824189544 824291962 824396478 824406485 824490374 824533044 824914052 825281139 825400220 825461505 825624587 825685620 826015502 826043836 826300355 826470582 826479418 826542567 826608285 826967896 826999805 827095552 827169786 827429922 827577962 827717542 827834472 827976838 828031304 828082466 828138811 828173646 828202263 828235834 828542263 828567614 828636759 828773481 828899308 828957649 828982715 829086554 829213755 829328140 829402230 829516544 829742427 829869064 829878685 830025548 830065258 830132217 830163978 830417703 830442403 830495043 830615611 830749386 830819890 830826508 830924373 830924738 830971776 830976366 831109551 831196551 831220380 831377196 831532482 831602674 831728038 831890653 832010486 832042512 832052112 832208047 832276532 832343287 832394817 832647689 832988568 833124597 833216560 833267218 833595601 833688493 833726309 833777923 833798411 833876564 833948587 834224900 834564658 834728511 834793881 835089463 835111093 835347148 835410007 835458450 835518796 835654075 835695191 835698606 835959200 836060646 836087794 836179386 836230027 836355577 836470493 836758054 836797519 836876642 836927384 836935440 837066205 837403720 837561025 837777924 837781454 838018288 838184097 838242295 838249676 838365002 838449998 838523642 838555046 838586411 838668399 838712786 838858906 839254283 839519556 839603260 839646553 839782560 840049709 840100682 840242031 840385830 840460964 840575613 840810008 840833262 840920193 840952892 841247722 841318519 841459496 841470222 841733823 842003419 842143328 842186244 842880273 842960957 843063407 843111031 843261657 843568798 843783848 843791362 843892496 844011469 844096560 844194564 844299870 844305146 844440955 844585787 844721738 844743531 844852673 844950731 844958904 845183332 845586612 845874302 845958090 846053242 846162182 846231409 846304109 846418041 846664335 846807799 846849351 846994953 847004963 847141905 847163390 847189435 847216151 847239622 847366469 847419085 847517988 847605001 847628583 847696864 847706381 848095698 848096086 848124531 848293613 848397265 848434497 848451049 848632285 848652213 848899031 848954641 849175498 849181635 849494565 849639617 849739669 849749044 849777350 849873665 849967352 849976465 850447678 850826383 850899888 850962852 851004552 851010502 851057203 851077640 851156513 851165029 851171604 851182312 851414199 851584552 851625585 851627964 851659617 851747099 851760635 851773636 851857039 851953967 852232268 852238401 852419341 852514445 852543891 852655688 852685825 852852244 852924195 853058494 853146302 853402697 853454693 853754690 853758481 854032951 854071843 854273211 854363078 854550049 854673631 854732791 854899980 855096822 855116073 855116427 855150930 855160474 855199113 855416053 855511146 855583983 855673766 855724978 855727142 855911724 855920675 856054399 856192128 856232977 856234194 856543091 856560429 856561231 856602766 856831826 857067736 857068928 857127376 857205815 857208014 857259725 857559442 857569056 857700315 857717834 857857944 858000956 858027038 858106793 858196530 858217293 858317146 858321686 858376169 858416208 858417420 858437858 858624073 858664917 858768951 858966025 859069692 859071689 859140758 859154726 859708362 860039372 860418078 860419990 860464100 860600800 860980247 861244326 861346659 861366891 861511329 861542068 861659774 861716481 861780873 861789201 861864475 862063306 862272762 862400227 862456917 862512694 862566844 862731874 863002402 863052108 863060509 863197115 863313808 863353399 863536709 863712551 863845805 863868956 863994577 864022052 864068978 864432957 864458143 864529157 864649925 864708619 864712955 864835720 864968190 864989190 865289696 865308385 865550636 865675242 865902977 865942756 866119534 866156450 866364916 866407462 866544156 866750993 866755647 866824051 867341255 867418454 867469930 867470393 867473994 867617298 867681545 867801957 867814408 868061846 868460181 868463321 868486928 868505483 868522463 868654942 868742948 868782292 868910966 869007210 869416517 869510299 869592909 869659700 869766481 869774387 869811075 870125068 870238499 870261154 870278992 870443876 870581366 870719445 870742354 870809053 870858652 870880151 870891047 870997951 871014398 871149931 871227886 871690351 871847151 872025529 872085511 872223379 872321769 872522451 872537711 872624255 872868095 872889753 872900911 872901349 873146908 873236240 873262790 873339716 873398557 873437750 873480421 873611114 873618962 873645783 873734737 873751701 873899364 873942628 874050186 874206061 874215088 874397961 874417428 874448864 874467121 874696338 874801114 874857980 874877982 874925307 875206011 875419289 875459695 875517342 875553400 875627510 875783839 876154592 876257986 876316405 876773922 876995427 877002883 877147891 877386796 877527753 877824359 878220612 878491544 878497674 878614343 878683952 878686531 878765001 878921485 879087224 879179410 879272271 879273529 879439576 879551991 879620242 879705110 879837254 879992557 880009649 880564077 880574560 880843766 881077000 881087459 881093387 881103964 881195774 881308388 881657647 881690842 881715050 881739246 881813539 881844239 882010209 882132995 882286029 882351872 882385115 882489161 882712901 882840058 882947063 883261928 883294898 883301028 883364766 883447750 883521066 883555532 883658197 883923042 884201533 884203841 884206399 884334879 884426713 884467619 884478009 884598582 884619177 884674068 884700518 884832318 884889998 884909024 885412411 885429952 885473378 885541571 885643255 885736780 885744583 885772946 885826936 885890869 886002828 886024944 886194031 886567423 887089181 887255677 887269072 887322475 887523789 887676276 887974837 888029580 888100266 888326383 888443679 888578177 888648295 888690823 888780387 888783098 888809952 888904267 888991224 889187131 889284555 889294201 889398362 889539486 889636401 889656266 889705585 889714989 889722443 889779935 889826033 889989020 890114983 890199660 890215107 890395641 890635315 890744951 890844096 890899645 890996279 891031116 891177400 891358801 891368407 891404669 891449063 891543555 891726785 891971677 892138953 892189735 892219212 892222385 892346292 892423987 892699429 892797871 892860796 892936046 892957027 893074335 893186949 893331778 893365142 893465960 893726890 893772877 893824800 894076286 894079142 894524119 894744561 894749307 894751069 895052689 895449140 895459704 895657140 895852166 895858205 895867026 895890664 896145585 896274056 896406513 896661118 896737756 896770603 896772323 896853609 896990648 897136073 897255629 897528376 897697054 897727284 897783203 898060811 898088285 898258151 898419656 898467053 898479168 898548543 898916932 898996540 899364917 899417296 899437406 899487940 899521351 899564149 899800292 899894108 899981099 900215297 900290043 900411588 900440188 900617597 900638957 900676120 900761159 900798731 900871980 901011843 901016571 901207617 901229768 901358321 901433527 901521253 901521528 901583644 901790127 901865986 901945506 902187123 902354513 902414140 902526041 902733822 903361514 903428492 903441129 903453118 903504224 903572085 903595830 903712278 903718122 903774702 903870020 903971455 904220131 904420340 904534748 904549055 904595553 904808189 904813419 904964983 905180068 905180179 905204267 905260085 905379831 905491557 905544111 905622461 905728604 905744130 905938832 905960856 906132032 906258914 906295356 906482877 906574828 906617119 906686872 906730015 906802722 906880834 907178525 907266109 907411231 907443998 907594980 907678785 907849049 907854624 908005628 908131887 908264626 908492728 908619209 908711051 908992301 909045091 909358077 909377043 909493109 909507341 909595794 909606815 909859712 909891547 910035495 910340100 910389535 910450443 910987209 910996316 911133128 911425466 911607836 911720252 911722276 911742135 911804111 911804845 911907271 911969215 912124059 912156132 912204813 912209793 912302631 912335024 912524957 912661634 912851458 912877547 912897961 912970294 913109542 913147845 913158995 913176220 913205023 913410988 913567804 913805407 914039113 914087990 914114510 914419851 914909643 915010611 915136440 915544231 915607615 915723652 915758070 915857343 916155493 916177547 916219382 916225200 916327206 916548024 916560917 916568560 916653755 916656446 916694141 916731508 916930669 916948041 917006719 917058563 917089888 917104597 917262232 917343943 917357289 917361312 917365892 917452989 917475239 917714389 917759730 917874797 918056667 918177834 918278176 918482361 918501497 918507502 918567674 918683192 918820201 918879733 918970706 919179779 919342785 919492867 919626292 919709203 919721786 919931078 919951794 919956182 920005586 920008851 920228924 920310402 920489015 920747930 920802576 921239286 921354114 921380069 921453070 921548664 921573467 921625370 921626738 921722944 921746158 921805562 921845509 921902295 922043323 922281645 922357538 922483822 922628825 922762766 922776182 922781118 922991174 923079131 923144623 923508613 923573712 923737516 923746727 923774520 923810600 923854691 923891098 923898424 923903445 923935204 924212620 924308920 924828571 924832725 924935061 924949729 924960245 925078468 925079359 925120525 925141955 925194230 925231861 925395627 925445174 925486931 925495594 925502370 925898529 925931209 925975181 925976160 926191210 926265309 926276951 926407433 926883099 926946076 927047953 927067512 927151115 927257512 927258115 927285351 927319501 927378265 927449052 927489846 927617240 927693554 927703549 927773871 927807063 927927145 928068561 928175546 928428574 928505970 928519954 928540383 928635712 928748336 928752121 928806783 929110831 929132394 929155845 929249852 929432862 929456505 929482355 929518536 929563606 929599932 929691855 929751265 929945929 930423902 930469010 930594233 930602209 930863520 930919988 930951619 930961385 931156298 931246489 931282624 931483094 931495595 931703379 931746606 931803000 932173389 932412331 932490286 932801179 932873561 933143026 933535914 933643456 933651291 933763926 933915239 934131977 934446631 934529614 934577760 934584175 934666214 934701572 934952362 934997348 935119145 935129623 935176347 935225121 935363346 935409352 935434978 935479196 935495546 935686304 935703336 935812179 935876739 935890317 935982587 936081561 936221522 936341770 936650699 936737365 936813566 936858595 936884743 936891422 936989397 937280218 937350830 937353271 937454942 937500914 937626843 937630337 937881122 937955025 938131211 938228930 938260398 938325435 938659451 938699536 938857074 939030823 939327985 939350574 939559166 939952644 939953619 940039608 940246514 940280846 940298596 940549442 940555888 940655213 940782942 940926731 941417602 941428197 941539111 941601724 941919282 942050979 942072342 942164682 942174785 942196427 942368485 942468978 942630613 942968744 943144967 943258733 943346796 943716103 943735695 943817402 943969050 944149780 944282675 944662498 944745148 944753664 944841409 944883875 945096413 945124700 945247798 945347666 945428124 945455170 945551978 945584403 945660566 945753344 945763839 946013492 946422532 946662405 946768885 946851403 947115759 947235219 947262990 947313303 947351595 947372117 947480956 947596071 947624399 947663430 947793975 947888267 948022022 948092737 948105975 948147826 948275914 948327556 948337087 948364221 948404991 948699082 948777929 949248412 949368936 949421130 949437642 949510839 949609149 949756921 949969423 949984824 950011619 950258494 950471308 950532456 950602004 950854232 950918878 950937990 951018038 951024773 951213961 951267019 951272371 951355636 951356495 951525839 951551541 951751174 951926240 952278035 952399396 952399920 952538236 952712257 952725250 952808481 952939235 952956358 953075313 953403871 953437447 953514771 953595491 953689120 953762239 953839431 953893343 953990262 954081768 954148380 954166822 954288626 954348466 954395115 954488723 954759310 954812073 955087031 955221454 955241651 955258666 955282131 955416194 955607214 955718977 955944820 956031391 956158456 956297914 956386328 956427836 956466386 956551603 956572195 956609054 956829703 957035295 957243814 957383262 957430955 957555519 957613766 957648700 957694924 957847106 957911923 958339045 958434500 958489219 958586063 958685494 958734698 959168947 959307236 959607907 959697616 960027857 960029674 960090271 960259179 960586817 960735161 960877706 961040799 961247454 961324144 961595189 961657549 961772528 962044286 962100934 962137540 962249992 962535466 962605263 962737706 962761048 963034107 963223057 963411626 963534147 963594518 963889952 963893945 964185627 964214526 964317415 964419443 964515534 964579966 964665101 964867661 964902451 964944136 965285328 965340323 965520159 965671186 965842008 966215457 966325041 966451066 966462950 966701810 966766989 966931344 966937917 967290538 967358429 967489999 967505537 967536558 967562435 967578357 967785072 967819572 967833572 967876662 968049427 968226137 968357466 968775202 968793600 968879907 969172878 969237457 969252458 969302506 969314107 969386465 969396602 969514326 969549302 969570515 969689739 969755324 969892384 969892921 969930301 969934735 970080968 970178990 970211010 970211388 970318350 970465142 970612495 971081924 971093715 971125091 971188337 971251408 971274809 971315250 971375748 971391209 971396991 971525763 971708566 972192150 972225624 972265937 972449706 972574191 972616728 972672774 972727895 972736249 972890497 972909070 972944159 972971205 973166764 973179356 973435634 973519837 973585476 973610530 974041213 974085878 974141104 974308455 974395028 974503945 974811673 974840930 974851441 975069739 975117325 975174624 975215048 975243964 975304381 975357482 975466297 975525448 975534909 975648502 975965123 976074068 976503609 976562570 976761211 976774188 976841424 977092773 977093058 977129408 977137491 977141687 977237737 977541447 977833651 978061754 978210920 978217096 978327607 978352917 978418617 978467952 978563548 978657953 978698688 978872174 978896017 978900661 978910764 979329506 979431644 979521317 979681371 979798771 979838730 979862336 980048408 980115823 980115899 980197475 980257419 980397699 980701004 980847454 980933817 981037028 981116771 981141295 981233370 981314588 981479180 981701062 981708359 982023512 982025693 982291434 982352546 982628530 983048593 983079453 983096553 983191022 983298029 983469372 983482164 983572312 983713382 983772406 983822893 984203874 984253821 984288482 984380739 984591916 984778282 984810304 984868643 984999917 985040935 985176912 985213202 985242457 985407734 985588156 985588805 985633744 986016942 986172942 986187887 986624839 986639941 986679184 986690995 986782810 986904530 986908397 987048662 987169450 987322421 987473874 987629375 987855822 987856734 988048648 988125470 988186187 988209677 988278349 988428250 988489842 988675238 988741992 988787395 988828557 989035337 989089855 989090808 989133958 989627489 989716488 989754693 989755710 989930115 990098158 990109381 990136690 990151356 990163221 990285091 990392003 990406793 990452284 990469079 990488957 990539624 990563338 990596993 990847150 991008333 991025392 991177058 991259162 991309059 991350114 991422173 991684130 991746103 991813730 991844080 991847821 991890336 991927470 992102774 992163218 992393818 992400754 992418933 992512825 992597622 992615263 992620240 992666302 992667303 992826707 992906415 993036563 993110065 993153922 993342924 993669657 993747035 993817483 993862208 993879081 993901654 994019760 994123215 994334369 994355784 994359772 994475272 994489703 994535574 994644401 994735544 994807713 994886558 994907373 995007513 995221414 995233720 995320066 995323100 995442804 995539117 995582485 995687825 995713619 995954916 996059674 996066122 996080433 996342537 996483881 996504727 996561014 996727692 996761808 996996225 997092004 997467863 997522658 997530346 997533604 997607899 997653267 997778392 997804079 998576034 998648885 998695636 998714379 998751263 998800198 998997689 999101169 999107580 999340461 999394702 999505818 999605455 999682588 999818022".Split(' '), e => int.Parse(e));
            //int[] arr = Array.ConvertAll("1 2 3 4 5 6 7 8".Split(' '), e => int.Parse(e));
            int[] arr = Array.ConvertAll("1 2 5 4 3 6 7 8".Split(' '), e => int.Parse(e));


            List<int> lista = new List<int>(arr);
            bool winner = true;

            int iteraciones = 0;

            while (lista.Count > 0)
            {
                int indice_max = lista.IndexOf(lista.Max());
                lista.RemoveRange(indice_max, lista.Count - indice_max);
                winner = !winner;
                iteraciones++;
            }

            Console.WriteLine(winner ? "ANDY" : "BOB");
            Console.WriteLine(iteraciones);


            Console.ReadLine();

        }
    }
}
